$ 1 0.000005 10.20027730826997 50 5 50
r 704 256 704 352 0 1000
c 704 352 704 432 0 0.00001 0.001
g 704 432 704 464 0
d 768 352 768 256 2 default
183 816 352 880 352 0 0.5 1.66 3.33 5 0
183 912 352 976 352 0 0.5 1.66 3.33 5 0
w 768 256 704 256 0
w 704 352 768 352 0
w 768 352 816 352 0
w 880 352 896 352 0
w 896 352 912 352 0
207 976 304 1024 304 0 Reset_n
207 896 304 944 304 0 Reset
w 896 352 896 304 0
w 976 352 976 304 0
207 704 352 656 352 0 RC
R 656 240 608 240 0 0 40 5 0 0 0.5
S 704 256 656 256 0 0 false 0 2
r 592 272 592 336 0 1000
g 592 336 592 352 0
w 592 272 656 272 0
207 768 256 816 256 0 VCC
o 21 64 0 4099 5 0.00009765625 0 6 21 3 15 0 15 3 12 0 12 3
o 11 64 0 4099 5 0.00009765625 1 2 11 3
