$ 1 0.000005 10.20027730826997 50 5 50
v 384 464 384 336 4 5 20 5 0 0 0.2
d 432 256 528 256 2 default
r 720 352 720 448 0 1000
c 800 352 800 448 0 0.000009999999999999999 0.6080561891972586
f 896 336 944 336 32 1.5 0.02
r 944 192 944 256 0 1000
g 384 560 384 592 0
v 304 464 304 352 0 0 40 5 0 0 0.5
w 304 352 304 144 0
w 304 144 944 144 0
w 944 144 944 192 0
w 384 560 384 528 0
w 304 464 304 528 0
w 304 528 384 528 0
w 384 464 384 528 0
w 384 528 720 528 0
w 720 528 720 448 0
w 720 528 800 528 0
w 800 448 800 528 0
w 944 352 944 528 0
w 944 528 800 528 0
w 944 320 944 288 0
w 944 288 944 256 0
w 672 256 720 256 0
w 720 256 720 336 0
w 720 336 720 352 0
w 720 336 800 336 0
w 800 352 800 336 0
w 800 336 896 336 0
w 384 336 384 256 0
p 1072 256 1152 256 0 0
f 1024 288 1072 288 32 1.5 0.02
r 1072 192 1072 256 0 1000
w 1072 256 1072 272 0
w 944 144 1072 144 0
w 1072 144 1072 192 0
w 1072 304 1072 528 0
w 1072 528 944 528 0
w 1024 288 944 288 0
r 592 256 672 256 0 100
w 528 256 592 256 0
w 432 256 384 256 0
o 30 64 0 4098 10 0.1 0 4 0 0 28 0 28 3
