$ 1 1.0000000000000001e-7 10.20027730826997 50 5 50
a 560 352 688 352 8 15 -15 1000000 2.819643932401583e-20 5.000049999281942e-10 100000
a 928 368 1056 368 8 15 -15 1000000 0.00005000049998999978 5.000049999281942e-10 100000
r 720 240 720 320 0 100000
r 864 240 864 320 0 100000
r 864 416 864 496 0 100000
r 960 496 1056 496 0 100000
r 1136 240 1136 320 0 4700
c 720 416 720 496 0 0.000009999999999999999 0.00005000049998999978
v 384 320 384 240 0 0 40 5 0 0 0.5
w 384 240 384 208 0
w 1136 208 1136 240 0
w 864 240 864 208 0
w 720 240 720 208 0
w 384 208 720 208 0
w 720 208 864 208 0
w 864 208 1136 208 0
g 384 576 384 624 0
w 1136 368 1136 320 0
w 1056 496 1088 496 0
w 1088 496 1088 368 0
w 1056 368 1088 368 0
w 1088 368 1136 368 0
w 928 384 912 384 0
w 912 464 912 384 0
w 912 384 864 384 0
w 864 416 864 384 0
w 864 384 864 320 0
w 864 496 864 544 0
w 720 496 720 544 0
w 688 352 720 352 0
w 912 464 912 496 0
w 512 368 560 368 0
w 960 496 912 496 0
O 1136 368 1200 368 0
p 1136 368 1136 544 0 0
w 864 544 1136 544 0
v 448 416 448 368 4 5 1000 5 0 0 0.1
w 448 368 448 336 0
w 448 336 560 336 0
w 720 544 448 544 0
w 448 544 384 544 0
w 384 320 384 544 0
w 384 544 384 576 0
w 720 320 720 352 0
w 720 352 720 416 0
w 512 496 512 368 0
w 512 496 576 496 0
w 672 496 912 496 0
w 576 496 640 496 0
w 672 496 640 496 0
w 448 416 448 544 0
s 784 400 784 464 0 1 false
w 784 400 784 352 0
w 784 464 784 544 0
w 720 352 784 352 0
w 784 352 928 352 0
w 784 544 864 544 0
w 784 544 720 544 0
o 36 64 0 4103 20 0.00009765625 0 3 36 3 33 0
