$ 1 3.125e-8 10.20027730826997 50 5 50
a 528 256 624 256 9 15 -15 1000000 0 0 100000
a 752 512 640 512 9 15 -15 1000000 0 0 100000
r 480 128 480 208 0 100000
r 480 304 480 384 0 100000
r 784 496 864 496 0 22000
r 784 432 864 432 0 2000
r 640 432 736 432 0 22000
r 640 592 736 592 0 6650
r 400 304 400 384 0 1000
c 528 304 528 384 0 0.00001 0.001
c 768 624 768 688 0 1e-10 0.001
d 400 480 400 416 2 default
v 256 368 256 288 4 5 1000000 5 0 0 0.01
R 480 96 480 48 0 0 40 5 0 0 0.5
g 880 432 880 464 0
w 864 432 880 432 0
w 784 432 736 432 0
w 784 496 768 496 0
w 784 496 784 432 0
w 768 496 752 496 0
w 624 256 928 256 0
w 928 256 928 496 0
w 928 496 864 496 0
w 752 528 768 528 0
w 768 528 768 592 0
w 768 592 768 624 0
w 768 592 736 592 0
w 640 432 640 512 0
w 640 592 640 512 0
w 640 512 400 512 0
w 400 512 400 480 0
w 400 416 400 384 0
w 256 288 256 240 0
w 400 240 528 240 0
w 400 304 400 240 0
w 480 208 480 272 0
w 480 272 480 304 0
w 528 272 480 272 0
w 528 304 480 304 0
w 528 384 480 384 0
g 480 384 480 416 0
g 768 688 768 720 0
g 256 368 256 400 0
w 480 128 480 96 0
p 928 256 992 256 0 0
r 304 240 368 240 0 1000
w 368 240 400 240 0
w 304 240 256 240 0
o 44 1 0 12290 0.0001 0.0001 0 1
o 12 1 0 4099 5 0.0125 1 2 12 3
