$ 1 0.000005 5.023272298708815 64 7 50
w -336 192 -336 224 0
w -336 224 -272 224 0
c -336 224 -336 288 0 3e-7 4.345561016709877
g -336 288 -336 304 0
r -336 192 -336 64 0 1000000
w -336 64 -208 64 0
R -336 64 -368 64 0 0 40 9 0 0 0.5
O -96 160 -32 160 0
165 -272 96 -256 96 2 0.0006553142675099075
w -208 64 -144 64 0
w -144 64 -144 128 0
w -96 160 -144 160 0
w -96 160 -96 32 0
r -96 32 -288 32 0 10000
w -288 32 -288 192 0
w -336 192 -288 192 0
w -288 192 -272 192 0
a 240 384 320 384 9 15 -15 1000000 0.01599744041098374 0.015997600385387847 100000
r 112 368 160 368 0 411.9
r 176 368 224 368 0 411.9
c 224 432 224 480 0 1.0000000000000001e-7 0.015997600385387847
c 256 320 304 320 0 0.0000015 1.599744041055895e-7
w 160 368 176 368 0
w 224 368 240 368 0
w 176 368 176 320 0
w 176 320 256 320 0
w 224 432 224 368 0
w 240 400 240 432 0
w 240 432 320 432 0
w 320 432 320 384 0
w 304 320 320 320 0
w 320 320 320 384 0
g 224 480 224 496 0
g 432 496 432 512 0
w 528 336 528 400 0
w 512 336 528 336 0
w 528 448 528 400 0
w 448 448 528 448 0
w 448 416 448 448 0
w 432 448 432 384 0
w 384 336 464 336 0
w 384 384 384 336 0
w 432 384 448 384 0
w 368 384 384 384 0
c 464 336 512 336 0 0.000002 1.5997280444768336e-7
c 432 448 432 496 0 0.000001 0.015997440410983988
r 384 384 432 384 0 112.5
r 320 384 368 384 0 112.5
a 448 400 528 400 9 15 -15 1000000 0.015997280438179606 0.015997440410983988 100000
g 640 512 640 528 0
w 736 352 736 416 0
w 720 352 736 352 0
w 736 464 736 416 0
w 656 464 736 464 0
w 656 432 656 464 0
w 640 464 640 400 0
w 592 352 672 352 0
w 592 400 592 352 0
w 640 400 656 400 0
w 576 400 592 400 0
c 672 352 720 352 0 0.0000011 1.5997120483141059e-7
c 640 464 640 512 0 0.000001 0.01599728043817937
r 592 400 640 400 0 153.7
r 528 400 576 400 0 153.7
a 656 416 736 416 9 15 -15 1000000 0.015997120466974702 0.01599728043817937 100000
p 736 416 816 416 0 0
r 112 -32 176 -32 0 10000
c 176 -32 176 16 0 1e-7 2.208892286924217
g 176 16 176 32 0
g 304 16 304 32 0
c 304 -32 304 16 0 1e-7 2.6773500119167624
r 240 -32 304 -32 0 10000
g 416 16 416 32 0
c 416 -32 416 16 0 1e-7 1.8523047449657157
r 352 -32 416 -32 0 10000
w 352 -32 304 -32 0
w 240 -32 176 -32 0
S 16 160 80 160 0 0 false 0 3
w -96 160 16 160 0
w 80 144 80 -32 0
w 80 -32 112 -32 0
p 688 -16 768 -16 0 0
w 416 -32 480 -32 0
a 608 -16 688 -16 8 15 -15 1000000 0.0000015058442849608968 0 100000
c 480 -32 528 -32 0 0.000009999999999999999 1.850797379778027
r 528 -32 608 -32 0 1000
r 608 -80 672 -80 0 100000
w 608 -32 608 -80 0
w 672 -80 688 -80 0
w 688 -80 688 -16 0
w 608 0 608 32 0
g 608 32 608 48 0
l 176 160 240 160 0 0.1 -5.765570312827192e-19
c 272 176 272 224 0 0.000009999999999999999 0.001
p 320 160 400 160 0 0
w 80 160 176 160 0
w 240 160 272 160 0
w 272 160 272 176 0
w 272 160 320 160 0
g 272 224 272 240 0
w 112 368 112 176 0
w 112 176 80 176 0
r 480 -32 480 16 0 20000
g 480 16 480 32 0
o 2 32 0 4099 10 0.0015625 0 2 2 3
o 7 16 0 4106 20 0.00009765625 1 1
o 65 16 0 4098 0.078125 0.1 2 1
o 81 16 0 4098 20 0.1 3 1
o 94 16 0 4098 0.009765625 0.1 4 1
