$ 1 1.0000000000000001e-7 10.20027730826997 50 5 50
t 752 416 784 416 0 1 -0.2708165845806243 0.5726873483493956 100
r 784 368 784 304 0 10000
r 704 384 768 384 0 100000
c 624 416 672 416 0 1e-7 -0.11065405677578388
c 800 384 848 384 0 1e-7 0.000999999992658318
r 576 400 576 336 0 10000
v 576 512 576 448 0 1 440 0.01 0 0 0.5
g 576 576 576 592 0
p 880 384 880 464 0 0
R 720 272 720 240 0 0 40 5 0 0 0.5
w 576 336 576 288 0
w 576 288 720 288 0
w 720 288 720 272 0
w 720 288 784 288 0
w 784 288 784 304 0
w 576 400 576 416 0
w 624 416 576 416 0
w 576 416 576 448 0
w 784 512 784 432 0
w 880 512 880 464 0
w 848 384 880 384 0
w 800 384 784 384 0
w 784 384 784 368 0
w 784 384 768 384 0
w 784 384 784 400 0
w 672 416 704 416 0
w 704 416 704 384 0
w 704 416 752 416 0
r 576 512 576 576 0 1000
w 576 576 784 576 0
w 784 576 784 512 0
w 784 576 880 576 0
w 880 576 880 512 0
w 576 512 528 512 0
w 528 576 576 576 0
s 528 512 528 576 0 1 false
a 1024 400 1120 400 9 15 -15 1000000 0.8424702341279964 0.8425039329373616 100000
r 992 480 992 544 0 1000
r 1040 464 1104 464 0 3000
w 880 384 1024 384 0
w 1024 416 992 416 0
w 992 416 992 464 0
w 992 464 992 480 0
w 992 464 1040 464 0
w 1120 400 1152 400 0
w 1152 400 1152 464 0
w 1152 464 1104 464 0
w 992 544 992 576 0
w 992 576 880 576 0
p 1152 464 1152 544 0 0
w 1152 544 1152 576 0
w 1152 576 992 576 0
x 375 503 500 506 4 24 microphone
o 6 64 3 4102 5 0.1 0 1
o 6 64 0 4099 0.0390625 0.003125 1 2 6 3
o 8 64 0 4098 5 0.1 2 1
o 49 64 0 4098 5 0.1 3 1
